8  1  600 16  1  600
8 10 1300  8 10 1300
8 10 1300  8 10 1300
4  1 1300  4 10 1300
6  1  600 14  1  600
4  1 1300  4  1 1300
8  1  600 16  1  600
8 10 1300  8 10 1300
8 10 1300  8 10 1300
4  1 1300  4 10 1300
6  1 1600 14  1 1600
4  1 1300  4  1 1300
4 10 1300  4 10 1300
4 10 1300  4 10 1300
64  2  200 16  2  200
64  2  200 64  2  200
64  2  200 16  2  200
64  2  200 64  2  200
64  2  200 16  2  200
64  2  200 64  2  200
64  2  200 16  2  200
64  2  200 64  2  200
32  1  600 32  1  600
32  1  600 32  1  600
